046 2014
037 1979
036 1978
036 1976
034 1973
033 1970
030 1972
030 1971
030 1969
028 1981
028 1977
026 1975
024 1980
024 1974
024 1967
023 2012
023 2003
023 1992
022 2016
022 1984
021 2013
020 2011
020 2007
020 1993
020 1986
019 2015
019 2002
019 1994
018 2008
018 2005
018 1991
017 1983
017 1982
017 1968
016 2004
016 0
015 2009
015 2001
015 1985
014 1996
013 1998
013 1995
013 1988
011 1990
011 1987
010 1966
009 2010
009 2006
009 2000
007 1989
006 1997
005 1999
005 1964
004 1965
003 1958
002 1963
002 1962
002 1961
001 1959
001 1957
001 1956